1 40.6153 -79.7184 03049500 Allegheny
2 36.1614 -86.7060 03431500 Cumberland
3 39.3912 -84.5722 03274000 GreatMiami
4 37.5339 -87.2639 03320000 Green
5 38.3715 -81.7021 03198000 Kanawha
6 40.3912 -79.8581 03085000 Monongahela
7 40.1203 -81.9996 03144500 Muskingum
8 39.1084 -82.9749 03234500 Scioto
9 38.4020 -87.7528 03377500 Wabash
10 37.1475 -88.7408333 03611500 OhioMetropolis
11 38.58657 -121.505511 11447500 Sacramento
12 40.2886 -122.1855 11377100 SacBendBridge
13 38.6355 -121.2266 11446500 American
14 38.7711 -120.8153 11444500 AmericanSouthFork
15 38.9361 -121.0228 11427000 AmericanNorthFork
